1.802501E+0,6.250001E-1
1.802501E+0,1.250000E+0
1.802501E+0,1.875000E+0
1.802501E+0,1.718750E+0
1.802501E+0,1.093750E+0
1.802501E+0,1.093750E+0
1.802501E+0,1.562500E+0
1.802501E+0,2.187500E+0
1.802501E+0,1.250000E+0
1.802501E+0,1.562500E+0
1.802501E+0,2.187500E+0
3.411874E+0,1.718750E+0
3.411874E+0,1.250000E+0
3.411874E+0,1.093750E+0
3.411874E+0,1.718750E+0
3.411874E+0,2.031250E+0
3.411874E+0,2.031250E+0
3.411874E+0,1.718750E+0
3.411874E+0,1.718750E+0
3.411874E+0,1.562500E+0
3.411874E+0,1.406250E+0
3.411874E+0,1.093750E+0
3.411874E+0,7.812499E-1
3.411874E+0,1.718750E+0
5.021250E+0,2.343750E+0
5.021250E+0,1.562500E+0
5.021250E+0,1.093750E+0
5.021250E+0,1.250000E+0
5.021250E+0,1.875000E+0
5.021250E+0,1.250000E+0
5.021250E+0,1.250000E+0
5.021250E+0,1.406250E+0
5.021250E+0,1.718750E+0
5.021250E+0,1.406250E+0
6.630624E+0,9.375001E-1
6.630624E+0,1.250000E+0
6.630624E+0,1.718750E+0
6.630624E+0,1.406250E+0
6.630624E+0,1.562500E+0
6.630624E+0,1.250000E+0
6.630624E+0,1.250000E+0
6.630624E+0,1.250000E+0
6.630624E+0,1.406250E+0
6.630624E+0,1.562500E+0
6.630624E+0,1.250000E+0
8.240002E+0,2.343750E+0
8.240002E+0,2.187500E+0
8.240002E+0,1.562500E+0
8.240002E+0,1.093750E+0
8.240002E+0,1.718750E+0
8.240002E+0,2.187500E+0
9.849378E+0,1.250000E+0
8.240002E+0,1.406250E+0
8.240002E+0,1.875000E+0
8.240002E+0,1.718750E+0
8.240002E+0,1.406250E+0
8.240002E+0,9.375001E-1
9.849378E+0,1.406250E+0
8.240002E+0,2.031250E+0
9.849378E+0,1.718750E+0
9.849378E+0,1.718750E+0
9.849378E+0,1.250000E+0
9.849378E+0,1.093750E+0
9.849378E+0,1.250000E+0
9.849378E+0,1.250000E+0
9.849378E+0,1.406250E+0
9.849378E+0,1.562500E+0
9.849378E+0,2.031250E+0
9.849378E+0,1.718750E+0
9.849378E+0,1.093750E+0
9.849378E+0,1.093750E+0
1.145875E+1,2.187500E+0
1.145875E+1,2.500000E+0
1.145875E+1,1.562500E+0
1.145875E+1,1.718750E+0
1.145875E+1,1.718750E+0
1.145875E+1,1.406250E+0
1.145875E+1,1.093750E+0
1.145875E+1,1.093750E+0
1.145875E+1,9.375001E-1
1.145875E+1,1.562500E+0
1.145875E+1,1.875000E+0
1.145875E+1,1.406250E+0
1.306812E+1,1.406250E+0
1.306812E+1,1.406250E+0
1.306812E+1,1.875000E+0
1.306812E+1,2.031250E+0
1.306812E+1,1.250000E+0
1.306812E+1,1.875000E+0
1.306812E+1,2.187500E+0
1.306812E+1,1.562500E+0
1.306812E+1,1.093750E+0
1.306812E+1,1.562500E+0
1.306812E+1,2.187500E+0
1.467750E+1,2.187500E+0
1.467750E+1,1.562500E+0
1.467750E+1,1.718750E+0
1.467750E+1,2.031250E+0
1.467750E+1,2.031250E+0
1.467750E+1,1.562500E+0
1.467750E+1,1.875000E+0
1.467750E+1,1.718750E+0
1.467750E+1,2.187500E+0
1.467750E+1,2.187500E+0
1.467750E+1,1.718750E+0
1.467750E+1,1.250000E+0
1.467750E+1,1.718750E+0
1.467750E+1,1.875000E+0
1.628687E+1,1.093750E+0
1.628687E+1,1.718750E+0
1.628687E+1,2.343750E+0
1.628687E+1,2.031250E+0
1.628687E+1,1.406250E+0
1.628687E+1,1.093750E+0
1.628687E+1,2.031250E+0
1.628687E+1,2.500000E+0
1.628687E+1,1.718750E+0
1.628687E+1,1.718750E+0
1.628687E+1,2.031250E+0
1.628687E+1,1.875000E+0
1.628687E+1,1.562500E+0
1.789625E+1,1.406250E+0
1.789625E+1,1.562500E+0
1.789625E+1,1.562500E+0
1.789625E+1,2.031250E+0
1.789625E+1,1.562500E+0
1.789625E+1,1.093750E+0
1.789625E+1,1.093750E+0
1.789625E+1,1.562500E+0
1.789625E+1,1.250000E+0
1.789625E+1,9.375001E-1
1.789625E+1,1.562500E+0
1.789625E+1,2.187500E+0
1.789625E+1,1.562500E+0
1.789625E+1,1.093750E+0
1.950563E+1,1.250000E+0
1.950563E+1,1.875000E+0
1.950563E+1,1.562500E+0
1.950563E+1,1.406250E+0
1.950563E+1,1.406250E+0
1.950563E+1,1.718750E+0
1.950563E+1,1.718750E+0
2.111500E+1,1.562500E+0
1.950563E+1,1.562500E+0
1.950563E+1,1.562500E+0
1.950563E+1,1.875000E+0
2.111500E+1,2.031250E+0
2.111500E+1,1.406250E+0
2.111500E+1,9.375001E-1
2.111500E+1,1.093750E+0
2.111500E+1,1.718750E+0
2.111500E+1,1.718750E+0
2.111500E+1,1.406250E+0
2.111500E+1,1.718750E+0
2.111500E+1,2.031250E+0
2.111500E+1,1.406250E+0
2.272437E+1,7.812499E-1
2.111500E+1,1.250000E+0
2.272437E+1,1.250000E+0
2.272437E+1,1.250000E+0
2.272437E+1,1.406250E+0
2.272437E+1,1.406250E+0
2.272437E+1,1.562500E+0
2.272437E+1,1.562500E+0
2.272437E+1,1.250000E+0
2.272437E+1,1.406250E+0
2.433375E+1,1.562500E+0
2.433375E+1,2.187500E+0
2.433375E+1,2.031250E+0
2.433375E+1,1.406250E+0
2.433375E+1,9.375001E-1
2.433375E+1,1.562500E+0
2.433375E+1,1.875000E+0
2.433375E+1,1.875000E+0
2.433375E+1,1.250000E+0
2.433375E+1,1.718750E+0
2.433375E+1,1.875000E+0
2.433375E+1,1.406250E+0
2.433375E+1,1.093750E+0
2.594313E+1,1.562500E+0
2.594313E+1,1.718750E+0
2.594313E+1,1.875000E+0
2.594313E+1,1.718750E+0
2.594313E+1,1.562500E+0
2.594313E+1,1.250000E+0
2.594313E+1,1.406250E+0
2.594313E+1,1.406250E+0
2.594313E+1,7.812499E-1
2.594313E+1,1.718750E+0
2.594313E+1,2.343750E+0
2.755250E+1,1.718750E+0
2.755250E+1,1.250000E+0
2.755250E+1,1.250000E+0
2.755250E+1,2.031250E+0
2.755250E+1,2.343750E+0
2.755250E+1,1.406250E+0
2.755250E+1,1.406250E+0
2.755250E+1,1.875000E+0
2.755250E+1,1.562500E+0
2.755250E+1,1.093750E+0
2.916187E+1,1.093750E+0
2.755250E+1,1.718750E+0
2.916187E+1,2.031250E+0
2.916187E+1,2.187500E+0
2.916187E+1,1.718750E+0
2.916187E+1,1.406250E+0
2.916187E+1,1.406250E+0
2.916187E+1,1.718750E+0
2.916187E+1,2.031250E+0
2.916187E+1,1.250000E+0
2.916187E+1,1.718750E+0
2.916187E+1,2.031250E+0
2.916187E+1,1.562500E+0
3.077125E+1,9.375001E-1
3.077125E+1,1.250000E+0
3.077125E+1,2.031250E+0
3.077125E+1,1.562500E+0
3.077125E+1,1.406250E+0
3.077125E+1,1.250000E+0
3.077125E+1,1.718750E+0
3.077125E+1,1.406250E+0
3.077125E+1,1.250000E+0
3.077125E+1,1.406250E+0
3.077125E+1,1.562500E+0
3.077125E+1,1.718750E+0
3.238063E+1,2.500000E+0
3.238063E+1,1.875000E+0
3.238063E+1,1.250000E+0
3.238063E+1,1.406250E+0
3.238063E+1,2.031250E+0
3.238063E+1,1.406250E+0
3.238063E+1,1.562500E+0
3.238063E+1,1.875000E+0
3.238063E+1,2.187500E+0
3.399000E+1,1.718750E+0
3.399000E+1,1.093750E+0
3.399000E+1,1.406250E+0
3.399000E+1,1.875000E+0
3.399000E+1,1.875000E+0
3.399000E+1,2.031250E+0
3.399000E+1,1.562500E+0
3.399000E+1,1.406250E+0
3.399000E+1,1.406250E+0
3.559937E+1,1.562500E+0
3.559937E+1,1.718750E+0
3.559937E+1,1.562500E+0
3.559937E+1,1.875000E+0
3.559937E+1,2.343750E+0
3.559937E+1,1.406250E+0
3.559937E+1,7.812499E-1
3.559937E+1,1.250000E+0
3.559937E+1,2.031250E+0
3.559937E+1,2.187500E+0
3.720876E+1,1.562500E+0
3.559937E+1,1.718750E+0
3.720876E+1,1.875000E+0
3.720876E+1,1.718750E+0
3.720876E+1,1.406250E+0
3.720876E+1,1.562500E+0
3.720876E+1,1.562500E+0
3.720876E+1,2.031250E+0
3.720876E+1,2.187500E+0
3.720876E+1,1.718750E+0
3.720876E+1,1.093750E+0
3.720876E+1,1.562500E+0
3.720876E+1,1.875000E+0
3.720876E+1,1.875000E+0
3.881812E+1,1.406250E+0
3.881812E+1,1.562500E+0
3.881812E+1,2.031250E+0
3.881812E+1,1.562500E+0
3.881812E+1,6.250001E-1
3.881812E+1,1.093750E+0
3.881812E+1,1.718750E+0
3.881812E+1,1.406250E+0
4.042750E+1,1.718750E+0
4.042750E+1,1.406250E+0
4.042750E+1,1.250000E+0
4.042750E+1,1.406250E+0
4.042750E+1,1.250000E+0
4.042750E+1,1.562500E+0
4.042750E+1,1.250000E+0
4.042750E+1,2.031250E+0
4.042750E+1,2.187500E+0
4.042750E+1,1.406250E+0
4.042750E+1,9.375001E-1
4.203688E+1,1.406250E+0
4.203688E+1,2.031250E+0
4.203688E+1,2.187500E+0
4.203688E+1,1.562500E+0
4.203688E+1,1.718750E+0
4.203688E+1,1.875000E+0
4.203688E+1,1.875000E+0
4.203688E+1,1.406250E+0
4.203688E+1,1.562500E+0
4.203688E+1,1.718750E+0
4.203688E+1,1.875000E+0
4.203688E+1,2.187500E+0
4.203688E+1,1.406250E+0
4.203688E+1,1.093750E+0
4.203688E+1,1.406250E+0
4.364625E+1,1.875000E+0
4.364625E+1,2.031250E+0
4.364625E+1,1.250000E+0
4.364625E+1,1.718750E+0
4.364625E+1,2.187500E+0
4.364625E+1,1.718750E+0
4.364625E+1,1.250000E+0
4.364625E+1,1.562500E+0
4.364625E+1,1.875000E+0
4.525563E+1,2.031250E+0
4.525563E+1,1.718750E+0
4.525563E+1,1.562500E+0
4.525563E+1,1.562500E+0
4.525563E+1,1.718750E+0
4.525563E+1,1.406250E+0
4.525563E+1,1.562500E+0
4.525563E+1,1.562500E+0
4.525563E+1,2.187500E+0
4.525563E+1,2.343750E+0
4.525563E+1,1.406250E+0
4.525563E+1,9.375001E-1
4.686500E+1,1.562500E+0
4.686500E+1,2.187500E+0
4.686500E+1,2.187500E+0
4.686500E+1,1.406250E+0
4.686500E+1,1.718750E+0
4.686500E+1,1.875000E+0
4.686500E+1,1.875000E+0
4.686500E+1,1.562500E+0
4.686500E+1,1.718750E+0
4.686500E+1,2.031250E+0
4.686500E+1,2.031250E+0
4.847438E+1,2.187500E+0
4.847438E+1,1.562500E+0
4.847438E+1,1.093750E+0
4.847438E+1,1.562500E+0
4.847438E+1,2.031250E+0
4.847438E+1,2.031250E+0
4.847438E+1,1.250000E+0
4.847438E+1,1.875000E+0
4.847438E+1,2.187500E+0
4.847438E+1,1.562500E+0
4.847438E+1,7.812499E-1
4.847438E+1,1.250000E+0
4.847438E+1,1.875000E+0
4.847438E+1,2.031250E+0
5.008375E+1,1.562500E+0
5.008375E+1,1.406250E+0
5.008375E+1,1.562500E+0
5.008375E+1,1.718750E+0
5.008375E+1,1.250000E+0
5.008375E+1,1.406250E+0
5.008375E+1,1.562500E+0
5.008375E+1,1.875000E+0
5.008375E+1,2.187500E+0
5.008375E+1,1.406250E+0
5.008375E+1,9.375001E-1
5.008375E+1,1.562500E+0
5.008375E+1,2.187500E+0
5.169313E+1,2.187500E+0
5.169313E+1,1.406250E+0
5.169313E+1,1.718750E+0
5.169313E+1,1.875000E+0
5.169313E+1,1.875000E+0
5.169313E+1,1.406250E+0
5.169313E+1,1.562500E+0
5.169313E+1,1.562500E+0
5.169313E+1,1.718750E+0
5.330250E+1,2.187500E+0
5.330250E+1,1.406250E+0
5.330250E+1,1.093750E+0
5.330250E+1,1.406250E+0
5.330250E+1,1.875000E+0
5.330250E+1,2.031250E+0
5.330250E+1,1.406250E+0
5.330250E+1,1.718750E+0
5.330250E+1,2.031250E+0
5.330250E+1,1.718750E+0
5.330250E+1,1.093750E+0
5.491188E+1,1.250000E+0
5.491188E+1,1.718750E+0
5.491188E+1,2.031250E+0
5.491188E+1,2.031250E+0
5.491188E+1,1.562500E+0
5.491188E+1,1.406250E+0
5.491188E+1,1.406250E+0
5.491188E+1,1.562500E+0
5.491188E+1,1.875000E+0
5.491188E+1,1.562500E+0
5.491188E+1,1.875000E+0
5.652125E+1,2.187500E+0
5.491188E+1,1.406250E+0
5.652125E+1,9.375001E-1
5.652125E+1,1.093750E+0
5.652125E+1,1.875000E+0
5.652125E+1,1.718750E+0
5.652125E+1,1.562500E+0
5.652125E+1,1.718750E+0
5.652125E+1,1.875000E+0
5.652125E+1,1.718750E+0
5.652125E+1,1.562500E+0
5.652125E+1,1.562500E+0
5.652125E+1,1.250000E+0
5.813062E+1,2.031250E+0
5.813062E+1,2.500000E+0
5.813062E+1,1.718750E+0
5.813062E+1,1.093750E+0
5.813062E+1,1.250000E+0
5.813062E+1,2.031250E+0
5.813062E+1,2.343750E+0
5.813062E+1,1.093750E+0
5.813062E+1,1.406250E+0
5.813062E+1,1.875000E+0
5.813062E+1,1.718750E+0
5.813062E+1,1.562500E+0
5.813062E+1,1.562500E+0
5.813062E+1,1.562500E+0
5.974000E+1,2.031250E+0
5.974000E+1,2.187500E+0
5.974000E+1,1.562500E+0
5.974000E+1,9.375001E-1
5.974000E+1,7.812499E-1
5.974000E+1,1.406250E+0
5.974000E+1,1.875000E+0
5.974000E+1,1.406250E+0
5.974000E+1,1.562500E+0
5.974000E+1,2.031250E+0
5.974000E+1,1.875000E+0
6.134937E+1,1.406250E+0
6.134937E+1,1.093750E+0
6.134937E+1,1.718750E+0
6.134937E+1,2.187500E+0
6.134937E+1,2.031250E+0
6.134937E+1,2.031250E+0
6.134937E+1,1.875000E+0
6.134937E+1,1.406250E+0
6.134937E+1,1.718750E+0
6.134937E+1,1.718750E+0
6.134937E+1,1.718750E+0
6.134937E+1,1.406250E+0
6.134937E+1,2.031250E+0
6.295875E+1,1.875000E+0
6.295875E+1,1.093750E+0
6.295875E+1,7.812499E-1
6.295875E+1,1.562500E+0
6.295875E+1,2.031250E+0
6.295875E+1,1.718750E+0
6.295875E+1,1.562500E+0
6.295875E+1,1.718750E+0
6.295875E+1,1.562500E+0
6.295875E+1,1.718750E+0
6.295875E+1,1.406250E+0
6.456812E+1,1.562500E+0
6.456812E+1,1.562500E+0
6.456812E+1,2.031250E+0
6.456812E+1,2.187500E+0
6.456812E+1,1.250000E+0
6.456812E+1,7.812499E-1
6.456812E+1,1.562500E+0
6.456812E+1,2.187500E+0
6.456812E+1,1.562500E+0
6.456812E+1,1.406250E+0
6.456812E+1,1.406250E+0
6.456812E+1,1.875000E+0
6.617750E+1,1.718750E+0
6.617750E+1,1.406250E+0
6.617750E+1,1.562500E+0
6.617750E+1,1.718750E+0
6.617750E+1,1.875000E+0
6.617750E+1,2.500000E+0
6.617750E+1,1.718750E+0
6.617750E+1,1.250000E+0
6.617750E+1,1.093750E+0
6.617750E+1,1.875000E+0
6.617750E+1,2.031250E+0
6.617750E+1,1.406250E+0
6.617750E+1,1.093750E+0
6.617750E+1,1.562500E+0
6.778687E+1,1.406250E+0
6.778687E+1,9.375001E-1
6.778687E+1,1.093750E+0
6.778687E+1,1.718750E+0
6.778687E+1,1.875000E+0
6.778687E+1,2.031250E+0
6.778687E+1,1.718750E+0
6.778687E+1,1.250000E+0
6.778687E+1,1.093750E+0
6.939625E+1,1.562500E+0
6.939625E+1,1.875000E+0
6.939625E+1,1.250000E+0
6.939625E+1,1.406250E+0
6.939625E+1,2.187500E+0
6.939625E+1,1.875000E+0
6.939625E+1,1.562500E+0
6.939625E+1,1.250000E+0
6.939625E+1,1.718750E+0
6.939625E+1,2.187500E+0
6.939625E+1,2.031250E+0
6.939625E+1,1.875000E+0
7.100563E+1,2.031250E+0
7.100563E+1,2.031250E+0
7.100563E+1,1.875000E+0
7.100563E+1,1.875000E+0
7.100563E+1,1.875000E+0
7.100563E+1,1.562500E+0
7.100563E+1,2.187500E+0
7.100563E+1,1.718750E+0
7.100563E+1,9.375001E-1
7.100563E+1,4.687500E-1
7.261500E+1,1.406250E+0
7.261500E+1,2.031250E+0
7.261500E+1,1.406250E+0
7.261500E+1,1.562500E+0
7.261500E+1,1.875000E+0
7.261500E+1,2.031250E+0
7.261500E+1,1.718750E+0
7.261500E+1,1.562500E+0
7.261500E+1,1.562500E+0
7.261500E+1,1.875000E+0
7.422437E+1,2.343750E+0
7.422437E+1,2.343750E+0
7.422437E+1,1.406250E+0
7.422437E+1,9.375001E-1
7.422437E+1,1.718750E+0
7.422437E+1,2.187500E+0
7.422437E+1,1.406250E+0
7.422437E+1,1.406250E+0
7.422437E+1,2.031250E+0
7.422437E+1,2.187500E+0
7.422437E+1,1.875000E+0
7.583375E+1,1.250000E+0
7.583375E+1,1.406250E+0
7.583375E+1,2.187500E+0
7.583375E+1,2.187500E+0
7.583375E+1,2.500000E+0
7.583375E+1,1.875000E+0
7.583375E+1,1.562500E+0
7.583375E+1,1.875000E+0
7.583375E+1,1.875000E+0
7.583375E+1,1.875000E+0
7.583375E+1,1.562500E+0
7.583375E+1,2.187500E+0
7.583375E+1,2.031250E+0
7.583375E+1,1.875000E+0
7.744313E+1,1.406250E+0
7.744313E+1,2.031250E+0
7.744313E+1,2.500000E+0
7.744313E+1,2.031250E+0
7.744313E+1,1.718750E+0
7.744313E+1,1.875000E+0
7.744313E+1,1.562500E+0
7.744313E+1,1.562500E+0
7.744313E+1,1.093750E+0
7.744313E+1,1.406250E+0
7.744313E+1,1.562500E+0
7.744313E+1,2.343750E+0
7.744313E+1,2.187500E+0
7.744313E+1,1.093750E+0
7.905249E+1,7.812499E-1
7.905249E+1,1.562500E+0
7.905249E+1,2.031250E+0
7.905249E+1,2.031250E+0
7.905249E+1,1.406250E+0
7.905249E+1,1.718750E+0
7.905249E+1,1.875000E+0
7.905249E+1,1.562500E+0
7.905249E+1,1.093750E+0
7.905249E+1,1.562500E+0
7.905249E+1,1.718750E+0
8.066188E+1,1.718750E+0
8.066188E+1,1.875000E+0
8.066188E+1,1.406250E+0
8.066188E+1,9.375001E-1
8.066188E+1,1.250000E+0
8.066188E+1,1.718750E+0
8.066188E+1,9.375001E-1
8.066188E+1,1.406250E+0
8.066188E+1,1.718750E+0
8.066188E+1,1.875000E+0
8.227125E+1,1.250000E+0
8.227125E+1,9.375001E-1
8.227125E+1,1.718750E+0
8.227125E+1,2.343750E+0
8.227125E+1,1.406250E+0
8.227125E+1,1.562500E+0
8.227125E+1,1.562500E+0
8.227125E+1,1.406250E+0
8.227125E+1,1.562500E+0
8.227125E+1,1.406250E+0
8.227125E+1,1.406250E+0
8.227125E+1,1.718750E+0
8.227125E+1,2.031250E+0
8.227125E+1,2.031250E+0
8.388062E+1,1.250000E+0
8.388062E+1,9.375001E-1
8.388062E+1,1.562500E+0
8.388062E+1,2.187500E+0
8.388062E+1,2.031250E+0
8.388062E+1,1.406250E+0
8.388062E+1,1.718750E+0
8.388062E+1,1.875000E+0
8.388062E+1,1.718750E+0
8.388062E+1,1.250000E+0
8.549001E+1,1.562500E+0
8.549001E+1,1.406250E+0
8.549001E+1,1.875000E+0
8.549001E+1,2.031250E+0
8.549001E+1,1.250000E+0
8.549001E+1,1.093750E+0
8.549001E+1,1.718750E+0
8.549001E+1,1.875000E+0
8.549001E+1,1.875000E+0
8.549001E+1,1.406250E+0
8.549001E+1,1.875000E+0
8.549001E+1,2.031250E+0
8.549001E+1,1.718750E+0
8.549001E+1,1.093750E+0
8.549001E+1,1.562500E+0
8.709937E+1,2.031250E+0
8.709937E+1,2.031250E+0
8.709937E+1,1.562500E+0
8.709937E+1,1.406250E+0
8.709937E+1,1.718750E+0
8.709937E+1,1.718750E+0
8.709937E+1,1.562500E+0
8.709937E+1,2.187500E+0
8.709937E+1,2.031250E+0
8.870874E+1,2.187500E+0
8.870874E+1,2.500000E+0
8.870874E+1,1.562500E+0
8.870874E+1,1.093750E+0
8.870874E+1,1.562500E+0
8.870874E+1,2.187500E+0
8.870874E+1,2.187500E+0
8.870874E+1,1.562500E+0
8.870874E+1,1.718750E+0
8.870874E+1,1.875000E+0
8.870874E+1,1.718750E+0
8.870874E+1,1.406250E+0
8.870874E+1,1.406250E+0
8.870874E+1,1.718750E+0
8.870874E+1,2.031250E+0
9.031813E+1,2.500000E+0
9.031813E+1,1.562500E+0
9.031813E+1,1.093750E+0
9.031813E+1,1.250000E+0
9.031813E+1,1.875000E+0
9.031813E+1,2.031250E+0
9.031813E+1,1.250000E+0
9.031813E+1,1.562500E+0
9.031813E+1,2.031250E+0
9.192751E+1,1.718750E+0
9.192751E+1,1.093750E+0
9.192751E+1,1.250000E+0
9.192751E+1,1.406250E+0
9.192751E+1,2.343750E+0
9.192751E+1,2.031250E+0
9.192751E+1,1.562500E+0
9.192751E+1,1.250000E+0
9.192751E+1,1.406250E+0
9.192751E+1,1.562500E+0
9.192751E+1,1.875000E+0
9.192751E+1,1.562500E+0
9.192751E+1,1.250000E+0
9.192751E+1,2.187500E+0
9.353687E+1,1.406250E+0
9.353687E+1,9.375001E-1
9.353687E+1,1.250000E+0
9.353687E+1,2.187500E+0
9.353687E+1,2.500000E+0
9.353687E+1,2.187500E+0
9.353687E+1,2.031250E+0
9.353687E+1,2.187500E+0
9.353687E+1,1.875000E+0
9.353687E+1,1.718750E+0
9.514625E+1,1.718750E+0
9.353687E+1,1.718750E+0
9.514625E+1,2.031250E+0
9.514625E+1,2.500000E+0
9.514625E+1,1.875000E+0
9.514625E+1,1.250000E+0
9.514625E+1,1.250000E+0
9.514625E+1,2.031250E+0
9.514625E+1,2.343750E+0
9.514625E+1,1.250000E+0
9.514625E+1,1.406250E+0
9.514625E+1,1.875000E+0
9.514625E+1,1.718750E+0
9.514625E+1,1.406250E+0
9.675563E+1,1.250000E+0
9.675563E+1,1.562500E+0
9.675563E+1,1.718750E+0
9.675563E+1,2.031250E+0
9.675563E+1,1.406250E+0
9.675563E+1,1.093750E+0
9.675563E+1,1.250000E+0
9.675563E+1,1.406250E+0
9.675563E+1,1.718750E+0
9.675563E+1,1.406250E+0
9.675563E+1,1.562500E+0
9.675563E+1,2.031250E+0
9.675563E+1,1.406250E+0
9.675563E+1,1.093750E+0
9.836500E+1,1.406250E+0
9.836500E+1,2.343750E+0
9.836500E+1,2.656250E+0
9.836500E+1,1.718750E+0
9.836500E+1,1.718750E+0
9.836500E+1,1.875000E+0
9.836500E+1,1.718750E+0
9.836500E+1,1.406250E+0
9.836500E+1,1.406250E+0
9.836500E+1,1.718750E+0
9.836500E+1,2.031250E+0
9.836500E+1,2.343750E+0
9.836500E+1,1.562500E+0
9.836500E+1,1.093750E+0
9.997438E+1,1.250000E+0
9.997438E+1,1.718750E+0
9.997438E+1,1.875000E+0
9.997438E+1,1.250000E+0
9.997438E+1,1.562500E+0
9.997438E+1,2.031250E+0
9.997438E+1,1.562500E+0
9.997438E+1,1.093750E+0
9.997438E+1,1.250000E+0
9.997438E+1,1.875000E+0
1.015838E+2,1.562500E+0
1.015838E+2,1.875000E+0
1.015838E+2,1.562500E+0
1.015838E+2,1.406250E+0
1.015838E+2,1.562500E+0
1.015838E+2,1.562500E+0
1.015838E+2,1.562500E+0
1.015838E+2,1.562500E+0
1.015838E+2,1.718750E+0
1.015838E+2,2.031250E+0
1.015838E+2,1.093750E+0
1.015838E+2,7.812499E-1
1.015838E+2,1.406250E+0
1.015838E+2,2.187500E+0
1.015838E+2,2.031250E+0
1.015838E+2,1.250000E+0
1.015838E+2,1.718750E+0
1.015838E+2,1.875000E+0
1.031931E+2,1.875000E+0
1.031931E+2,1.250000E+0
1.031931E+2,1.718750E+0
1.031931E+2,2.343750E+0
1.031931E+2,2.031250E+0
1.031931E+2,2.343750E+0
1.031931E+2,1.875000E+0
1.031931E+2,1.562500E+0
1.031931E+2,1.718750E+0
1.031931E+2,1.718750E+0
1.048025E+2,1.718750E+0
1.048025E+2,1.875000E+0
1.048025E+2,2.500000E+0
1.048025E+2,1.875000E+0
1.048025E+2,1.718750E+0
1.048025E+2,1.406250E+0
1.048025E+2,2.187500E+0
1.048025E+2,2.500000E+0
1.048025E+2,1.406250E+0
1.048025E+2,1.562500E+0
1.048025E+2,1.875000E+0
1.048025E+2,1.562500E+0
1.048025E+2,1.562500E+0
1.048025E+2,1.406250E+0
1.048025E+2,1.718750E+0
1.064119E+2,2.343750E+0
1.064119E+2,2.343750E+0
1.064119E+2,1.718750E+0
1.064119E+2,1.562500E+0
1.064119E+2,1.562500E+0
1.064119E+2,1.562500E+0
1.064119E+2,1.875000E+0
1.064119E+2,1.250000E+0
1.064119E+2,1.406250E+0
1.064119E+2,2.343750E+0
1.080213E+2,1.562500E+0
1.080213E+2,1.250000E+0
1.080213E+2,1.562500E+0
1.080213E+2,2.187500E+0
1.080213E+2,2.187500E+0
1.080213E+2,1.718750E+0
1.080213E+2,1.562500E+0
1.080213E+2,1.875000E+0
1.096306E+2,1.562500E+0
1.096306E+2,1.250000E+0
1.096306E+2,1.406250E+0
1.096306E+2,1.562500E+0
1.096306E+2,1.718750E+0
1.096306E+2,1.875000E+0
1.096306E+2,1.406250E+0
1.096306E+2,1.093750E+0
1.096306E+2,1.562500E+0
1.096306E+2,1.875000E+0
1.096306E+2,1.875000E+0
1.096306E+2,1.093750E+0
1.096306E+2,1.718750E+0
1.112400E+2,1.718750E+0
1.112400E+2,1.093750E+0
1.112400E+2,6.250001E-1
1.112400E+2,1.250000E+0
1.112400E+2,1.875000E+0
1.112400E+2,1.562500E+0
1.112400E+2,1.093750E+0
1.112400E+2,1.562500E+0
1.112400E+2,1.875000E+0
1.112400E+2,1.718750E+0
1.112400E+2,1.562500E+0
1.112400E+2,1.562500E+0
1.112400E+2,2.031250E+0
1.112400E+2,2.343750E+0
1.128494E+2,2.031250E+0
1.128494E+2,1.406250E+0
1.128494E+2,1.250000E+0
1.128494E+2,1.718750E+0
1.128494E+2,2.187500E+0
1.128494E+2,1.406250E+0
1.128494E+2,9.375001E-1
1.128494E+2,1.875000E+0
1.128494E+2,1.875000E+0
1.128494E+2,1.406250E+0
1.128494E+2,1.093750E+0
1.128494E+2,1.718750E+0
1.128494E+2,2.187500E+0
1.128494E+2,1.250000E+0
1.144588E+2,1.406250E+0
1.144588E+2,1.875000E+0
1.144588E+2,1.562500E+0
1.144588E+2,1.562500E+0
1.144588E+2,1.406250E+0
1.144588E+2,1.406250E+0
1.144588E+2,1.718750E+0
1.144588E+2,2.187500E+0
1.144588E+2,1.562500E+0
1.160681E+2,9.375001E-1
1.144588E+2,1.093750E+0
1.160681E+2,1.718750E+0
1.160681E+2,2.187500E+0
1.160681E+2,1.406250E+0
1.160681E+2,1.093750E+0
1.160681E+2,2.187500E+0
1.160681E+2,1.875000E+0
1.160681E+2,1.406250E+0
1.160681E+2,1.406250E+0
1.160681E+2,2.031250E+0
1.160681E+2,2.031250E+0
1.160681E+2,1.718750E+0
1.160681E+2,1.406250E+0
1.160681E+2,1.406250E+0
1.176775E+2,1.562500E+0
1.176775E+2,1.406250E+0
1.176775E+2,1.718750E+0
1.176775E+2,1.875000E+0
1.176775E+2,2.187500E+0
1.176775E+2,2.031250E+0
1.176775E+2,1.250000E+0
1.176775E+2,7.812499E-1
1.176775E+2,1.562500E+0
1.176775E+2,2.031250E+0
1.192869E+2,1.562500E+0
1.192869E+2,1.250000E+0
1.192869E+2,2.031250E+0
1.192869E+2,1.718750E+0
1.192869E+2,1.250000E+0
1.192869E+2,1.093750E+0
1.192869E+2,1.718750E+0
1.192869E+2,2.187500E+0
1.192869E+2,1.718750E+0
1.192869E+2,1.875000E+0
1.192869E+2,2.187500E+0
1.208963E+2,1.718750E+0
1.208963E+2,1.562500E+0
1.208963E+2,1.562500E+0
1.208963E+2,1.875000E+0
1.208963E+2,2.031250E+0
1.208963E+2,2.656250E+0
1.208963E+2,1.718750E+0
1.208963E+2,1.250000E+0
1.208963E+2,1.406250E+0
1.208963E+2,1.875000E+0
1.208963E+2,1.875000E+0
1.208963E+2,1.562500E+0
1.208963E+2,2.187500E+0
1.225056E+2,2.187500E+0
1.225056E+2,1.562500E+0
1.225056E+2,1.406250E+0
1.225056E+2,2.187500E+0
1.225056E+2,2.656250E+0
1.225056E+2,1.875000E+0
1.225056E+2,1.718750E+0
1.225056E+2,2.031250E+0
1.225056E+2,2.031250E+0
1.225056E+2,1.875000E+0
1.225056E+2,1.718750E+0
1.225056E+2,2.031250E+0
1.225056E+2,2.500000E+0
1.225056E+2,2.031250E+0
1.241150E+2,1.875000E+0
1.241150E+2,1.718750E+0
1.241150E+2,1.718750E+0
1.241150E+2,1.406250E+0
1.241150E+2,1.718750E+0
1.241150E+2,1.718750E+0
1.241150E+2,1.718750E+0
1.241150E+2,2.343750E+0
1.257244E+2,1.406250E+0
1.257244E+2,1.250000E+0
1.257244E+2,1.718750E+0
1.257244E+2,2.343750E+0
1.257244E+2,2.031250E+0
1.257244E+2,1.562500E+0
1.257244E+2,2.031250E+0
1.257244E+2,1.875000E+0
1.257244E+2,1.406250E+0
1.257244E+2,1.093750E+0
1.257244E+2,1.718750E+0
1.257244E+2,2.187500E+0
1.273338E+2,1.406250E+0
1.257244E+2,1.718750E+0
1.273338E+2,1.875000E+0
1.273338E+2,1.875000E+0
1.273338E+2,1.562500E+0
1.273338E+2,1.406250E+0
1.273338E+2,1.562500E+0
1.273338E+2,1.875000E+0
1.273338E+2,1.718750E+0
1.273338E+2,1.718750E+0
1.273338E+2,1.250000E+0
1.273338E+2,1.562500E+0
1.289431E+2,1.875000E+0
1.289431E+2,1.875000E+0
1.289431E+2,1.562500E+0
1.289431E+2,1.406250E+0
1.289431E+2,2.031250E+0
1.289431E+2,1.406250E+0
1.289431E+2,1.093750E+0
1.289431E+2,1.875000E+0
1.289431E+2,2.343750E+0
1.289431E+2,1.875000E+0
1.289431E+2,1.093750E+0
1.305525E+2,1.875000E+0
1.289431E+2,1.718750E+0
1.305525E+2,1.562500E+0
1.305525E+2,1.406250E+0
1.305525E+2,1.718750E+0
1.305525E+2,2.031250E+0
1.305525E+2,1.718750E+0
1.305525E+2,1.718750E+0
1.305525E+2,1.250000E+0
1.305525E+2,1.406250E+0
1.305525E+2,1.250000E+0
1.321619E+2,1.562500E+0
1.321619E+2,1.406250E+0
1.321619E+2,1.093750E+0
1.321619E+2,1.250000E+0
1.321619E+2,1.250000E+0
1.321619E+2,7.812499E-1
1.321619E+2,1.406250E+0
1.321619E+2,2.031250E+0
1.321619E+2,1.875000E+0
1.321619E+2,1.093750E+0
1.321619E+2,9.375001E-1
1.321619E+2,2.031250E+0
1.321619E+2,1.718750E+0
1.321619E+2,1.250000E+0
1.321619E+2,1.718750E+0
1.321619E+2,2.500000E+0
1.321619E+2,1.562500E+0
1.337712E+2,1.093750E+0
1.337712E+2,1.875000E+0
1.337712E+2,1.718750E+0
1.337712E+2,1.718750E+0
1.337712E+2,1.562500E+0
1.337712E+2,1.875000E+0
1.337712E+2,2.031250E+0
1.337712E+2,1.875000E+0
1.337712E+2,1.718750E+0
1.337712E+2,1.093750E+0
1.337712E+2,1.406250E+0
1.353806E+2,1.875000E+0
1.353806E+2,2.343750E+0
1.353806E+2,2.187500E+0
1.353806E+2,1.718750E+0
1.353806E+2,1.875000E+0
1.353806E+2,1.718750E+0
1.353806E+2,1.562500E+0
1.353806E+2,2.031250E+0
1.353806E+2,2.656250E+0
1.369900E+2,2.031250E+0
1.369900E+2,1.562500E+0
1.369900E+2,2.031250E+0
1.369900E+2,1.875000E+0
1.369900E+2,1.250000E+0
1.369900E+2,1.250000E+0
1.369900E+2,1.718750E+0
1.369900E+2,1.875000E+0
1.369900E+2,1.250000E+0
1.369900E+2,9.375001E-1
1.369900E+2,1.406250E+0
1.369900E+2,1.406250E+0
1.369900E+2,1.250000E+0
1.369900E+2,1.562500E+0
1.369900E+2,1.718750E+0
1.369900E+2,1.562500E+0
1.385994E+2,1.562500E+0
1.385994E+2,1.250000E+0
1.385994E+2,1.250000E+0
1.385994E+2,1.718750E+0
1.385994E+2,2.031250E+0
1.385994E+2,1.562500E+0
1.385994E+2,1.406250E+0
1.385994E+2,1.406250E+0
1.385994E+2,1.718750E+0
1.385994E+2,1.093750E+0
1.402087E+2,1.406250E+0
1.402087E+2,2.187500E+0
1.402087E+2,2.500000E+0
1.402087E+2,1.718750E+0
1.402087E+2,1.093750E+0
1.402087E+2,1.718750E+0
1.402087E+2,2.187500E+0
1.402087E+2,1.562500E+0
1.418181E+2,2.031250E+0
1.402087E+2,2.500000E+0
1.402087E+2,2.031250E+0
1.418181E+2,1.718750E+0
1.418181E+2,2.187500E+0
1.418181E+2,2.187500E+0
1.418181E+2,2.031250E+0
1.418181E+2,2.187500E+0
1.418181E+2,2.343750E+0
1.418181E+2,2.343750E+0
1.418181E+2,2.187500E+0
1.418181E+2,1.718750E+0
1.418181E+2,1.562500E+0
1.418181E+2,1.875000E+0
1.418181E+2,2.343750E+0
1.418181E+2,2.343750E+0
1.418181E+2,1.875000E+0
1.434275E+2,1.562500E+0
1.434275E+2,1.875000E+0
1.434275E+2,1.406250E+0
1.434275E+2,1.250000E+0
1.434275E+2,2.187500E+0
1.434275E+2,2.500000E+0
1.434275E+2,2.187500E+0
1.434275E+2,1.406250E+0
1.434275E+2,1.562500E+0
1.434275E+2,2.343750E+0
1.434275E+2,1.875000E+0
1.434275E+2,2.031250E+0
1.434275E+2,2.500000E+0
1.434275E+2,2.656250E+0
1.450369E+2,2.187500E+0
1.450369E+2,1.718750E+0
1.450369E+2,2.343750E+0
1.450369E+2,2.500000E+0
1.450369E+2,2.343750E+0
1.450369E+2,2.500000E+0
1.450369E+2,2.656250E+0
1.466462E+2,2.656250E+0
1.466462E+2,2.500000E+0
1.466462E+2,2.031250E+0
1.466462E+2,1.718750E+0
1.466462E+2,2.343750E+0
1.466462E+2,2.812500E+0
1.466462E+2,2.187500E+0
1.466462E+2,1.875000E+0
1.466462E+2,2.187500E+0
1.466462E+2,2.031250E+0
1.466462E+2,1.875000E+0
1.466462E+2,2.187500E+0
1.482556E+2,2.968750E+0
1.482556E+2,3.125000E+0
1.482556E+2,2.343750E+0
1.482556E+2,2.187500E+0
1.482556E+2,2.968750E+0
1.482556E+2,3.593750E+0
1.482556E+2,2.812500E+0
1.482556E+2,3.125000E+0
1.482556E+2,3.750000E+0
1.482556E+2,3.437500E+0
1.482556E+2,2.968750E+0
1.482556E+2,2.812500E+0
1.498650E+2,3.593750E+0
1.498650E+2,3.593750E+0
1.498650E+2,3.593750E+0
1.498650E+2,3.593750E+0
1.498650E+2,3.750000E+0
1.498650E+2,3.750000E+0
1.498650E+2,3.281250E+0
1.498650E+2,3.125000E+0
1.498650E+2,3.281250E+0
1.498650E+2,3.906250E+0
1.498650E+2,4.062500E+0
1.498650E+2,3.593750E+0
1.498650E+2,3.281250E+0
1.498650E+2,3.750000E+0
1.498650E+2,3.750000E+0
1.498650E+2,3.125000E+0
1.498650E+2,3.906250E+0
1.498650E+2,4.531250E+0
1.514744E+2,3.906250E+0
1.514744E+2,3.593750E+0
1.514744E+2,3.750000E+0
1.514744E+2,4.687500E+0
1.514744E+2,4.375000E+0
1.514744E+2,4.218750E+0
1.514744E+2,4.687500E+0
1.514744E+2,5.312500E+0
1.514744E+2,5.000000E+0
1.530837E+2,4.531250E+0
1.530837E+2,4.843750E+0
1.514744E+2,4.843750E+0
1.530837E+2,5.156250E+0
1.530837E+2,5.312500E+0
1.530837E+2,5.312500E+0
1.530837E+2,5.312500E+0
1.530837E+2,5.312500E+0
1.530837E+2,5.156250E+0
1.530837E+2,4.843750E+0
1.530837E+2,5.468750E+0
1.530837E+2,6.093750E+0
1.530837E+2,5.937500E+0
1.530837E+2,5.625000E+0
1.530837E+2,5.781250E+0
1.546931E+2,6.250000E+0
1.546931E+2,5.937500E+0
1.546931E+2,6.093750E+0
1.546931E+2,7.187500E+0
1.546931E+2,7.656250E+0
1.546931E+2,6.875000E+0
1.546931E+2,6.406250E+0
1.546931E+2,7.187500E+0
1.546931E+2,8.125000E+0
1.546931E+2,7.343750E+0
1.546931E+2,7.968750E+0
1.546931E+2,8.437500E+0
1.563025E+2,8.593750E+0
1.563025E+2,8.281250E+0
1.563025E+2,8.125000E+0
1.563025E+2,8.750000E+0
1.563025E+2,8.906250E+0
1.563025E+2,9.062500E+0
1.563025E+2,9.218751E+0
1.563025E+2,9.374999E+0
1.563025E+2,9.374999E+0
1.563025E+2,9.374999E+0
1.563025E+2,9.531250E+0
1.563025E+2,9.843750E+0
1.563025E+2,1.093750E+1
1.563025E+2,1.156250E+1
1.579119E+2,1.109375E+1
1.579119E+2,1.093750E+1
1.579119E+2,1.140625E+1
1.579119E+2,1.203125E+1
1.579119E+2,1.156250E+1
1.579119E+2,1.218750E+1
1.579119E+2,1.312500E+1
1.579119E+2,1.328125E+1
1.579119E+2,1.281250E+1
1.579119E+2,1.281250E+1
1.579119E+2,1.375000E+1
1.579119E+2,1.453125E+1
1.595213E+2,1.390625E+1
1.595213E+2,1.421875E+1
1.595213E+2,1.484375E+1
1.595213E+2,1.500000E+1
1.595213E+2,1.484375E+1
1.595213E+2,1.500000E+1
1.595213E+2,1.578125E+1
1.611306E+2,1.609375E+1
1.611306E+2,1.671875E+1
1.611306E+2,1.687500E+1
1.595213E+2,1.703125E+1
1.595213E+2,1.734375E+1
1.611306E+2,1.781250E+1
1.611306E+2,1.843750E+1
1.611306E+2,1.875000E+1
1.611306E+2,1.953125E+1
1.611306E+2,2.015625E+1
1.611306E+2,1.984375E+1
1.611306E+2,2.000000E+1
1.611306E+2,2.125000E+1
1.611306E+2,2.218750E+1
1.627400E+2,2.250000E+1
1.627400E+2,2.281250E+1
1.611306E+2,2.390625E+1
1.627400E+2,2.421875E+1
1.627400E+2,2.421875E+1
1.627400E+2,2.468750E+1
1.627400E+2,2.593750E+1
1.627400E+2,2.687500E+1
1.627400E+2,2.718750E+1
1.627400E+2,2.765625E+1
1.627400E+2,2.843750E+1
1.627400E+2,2.890625E+1
1.627400E+2,2.921875E+1
1.627400E+2,3.015625E+1
1.643494E+2,3.078125E+1
1.627400E+2,3.218750E+1
1.643494E+2,3.328125E+1
1.643494E+2,3.328125E+1
1.643494E+2,3.406250E+1
1.643494E+2,3.484375E+1
1.643494E+2,3.625000E+1
1.643494E+2,3.718750E+1
1.659587E+2,3.750000E+1
1.643494E+2,3.875000E+1
1.659587E+2,3.984375E+1
1.659587E+2,4.000000E+1
1.659587E+2,4.046875E+1
1.659587E+2,4.203125E+1
1.659587E+2,4.375000E+1
1.659587E+2,4.421875E+1
1.659587E+2,4.515625E+1
1.659587E+2,4.640625E+1
1.659587E+2,4.750000E+1
1.659587E+2,4.796875E+1
1.659587E+2,4.859375E+1
